   10   0.4626
   11   0.3109
   12   0.2233
   13   0.2519
   14   0.2033
   15   0.1959
   16   0.1889
   17   0.1618
   18   0.1882
   19   0.1557
   20   0.1788
   21   0.1581
   22   0.1533
   23   0.1616
   24   0.1347
   25   0.1606
   26   0.1462
   27   0.1459
   28   0.1264
   29   0.1321
   30   0.2256
   31   0.1522
   32   0.1338
   33   0.0933
   34   0.1063
   35   0.0921
   36   0.1136
   37   0.1208
   38   0.0993
   39   0.1001
   40   0.1542
   41   0.1117
   42   0.0937
   43   0.1285
   44   0.1215
   45   0.1143
   46   0.1211
   47   0.1532
   48   0.1784
   49   0.1261
   50   0.1394
   51   0.1699
   52   0.1484
   53   0.1813
   54   0.1960
   55   0.2404
   56   0.2335
   57   0.2580
   58   0.2687
   59   0.3503
   60   0.3466
   61   0.3287
   62   0.3523
   63   0.3238
   64   0.2685
   65   0.2968
   66   0.3256
   67   0.2763
   68   0.2503
   69   0.3378
   70   0.2655
   71   0.2098
   72   0.1831
   73   0.1472
   74   0.1442
   75   0.1215
   76   0.1462
   77   0.1571
   78   0.2182
   79   0.1894
   80   0.2316
   81   0.1988
   82   0.2147
   83   0.1590
   84   0.1572
   85   0.1447
   86   0.1673
   87   0.1583
   88   0.1602
   89   0.1763
   90   0.1914
   91   0.1890
   92   0.1724
   93   0.1841
   94   0.2029
   95   0.2289
   96   0.2100
   97   0.1910
   98   0.1818
   99   0.2008
  100   0.2206
  101   0.1721
  102   0.1727
  103   0.1591
  104   0.1547
  105   0.1389
  106   0.1317
  107   0.1675
  108   0.1526
  109   0.1452
  110   0.1897
  111   0.1876
  112   0.1637
  113   0.1749
  114   0.2185
  115   0.2205
  116   0.2023
  117   0.2269
  118   0.3543
  119   0.3055
  120   0.3315
  121   0.3178
  122   0.3101
  123   0.1941
  124   0.1539
  125   0.1671
  126   0.1299
  127   0.1306
  128   0.1954
  129   0.1174
  130   0.1091
  131   0.1048
  132   0.0956
  133   0.1365
  134   0.1363
  135   0.1098
  136   0.1258
  137   0.2121
  138   0.1805
  139   0.1458
  140   0.1525
  141   0.2225
  142   0.1950
  143   0.1652
  144   0.1648
  145   0.1584
  146   0.1683
  147   0.1672
  148   0.1828
  149   0.1771
  150   0.2126
  151   0.2389
  152   0.2290
  153   0.2570
  154   0.1843
  155   0.2144
  156   0.1827
  157   0.1676
  158   0.2111
  159   0.1754
  160   0.2120
  161   0.2295
  162   0.1966
  163   0.1898
  164   0.1934
  165   0.1885
  166   0.2114
  167   0.2224
  168   0.2497
  169   0.2692
  170   0.2582
  171   0.4937
  172   0.2085
  173   0.1923
  174   0.1846
  175   0.1765
  176   0.1797
  177   0.2047
  178   0.1492
  179   0.1537
  180   0.1644
  181   0.1462
  182   0.1611
  183   0.1573
  184   0.1782
  185   0.1674
  186   0.1752
  187   0.2391
  188   0.2155
  189   0.1773
  190   0.1503
  191   0.1281
  192   0.1356
  193   0.1538
  194   0.1921
  195   0.1742
  196   0.2029
  197   0.1411
  198   0.1486
  199   0.1584
  200   0.1763
  201   0.1141
  202   0.1628
  203   0.2795
  204   0.1790
  205   0.1223
  206   0.1482
  207   0.1775
  208   0.1598
  209   0.1487
  210   0.1538
  211   0.1483
  212   0.1265
  213   0.1385
  214   0.1224
  215   0.1443
  216   0.1405
  217   0.1525
  218   0.2014
  219   0.2726
  220   0.2716
  221   0.2885
  222   0.4036
  223   0.4337
  224   0.4113
  225   0.5519
  226   0.5744
  227   0.6592
  228   0.7521
  229   0.7508
  230   0.8241
  231   0.7434
  232   0.9910
  233   1.0775
  234   1.1812
  235   1.2643
  236   1.3253
  237   1.4642
  238   1.6323
  239   1.7103
  240   1.7854
  241   1.6945
  242   1.6371
  243   1.8504
  244   1.6496
  245   1.8815
  246   1.7597
  247   1.7399
  248   1.7141
  249   1.7222
  250   1.7404
  251   1.7457
  252   1.7604
  253   1.6750
  254   1.5087
  255   1.3534
  256   1.2119
  257   1.0011
  258   0.8445
  259   0.6458
  260   0.5928
  261   0.5776
  262   0.5543
  263   0.5757
  264   0.5148
  265   0.5798
  266   0.6555
  267   0.7060
  268   0.6433
  269   0.6190
  270   0.6255
  271   0.5270
  272   0.4501
  273   0.3993
  274   0.2698
  275   0.2642
  276   0.2193
  277   0.1720
  278   0.1738
  279   0.2166
  280   0.3082
  281   0.2538
  282   0.2477
  283   0.2497
  284   0.2587
  285   0.1625
  286   0.1819
  287   0.1571
  288   0.1731
  289   0.1377
  290   0.1590
  291   0.1777
  292   0.1765
  293   0.1660
  294   0.1963
  295   0.2074
  296   0.1778
  297   0.2070
  298   0.2430
  299   0.2301
  300   0.1980
  301   0.1524
  302   0.1705
  303   0.2145
  304   0.1485
  305   0.1567
  306   0.2089
  307   0.1693
  308   0.1653
  309   0.1694
  310   0.2223
  311   0.1855
  312   0.3387
  313   0.2127
  314   0.2021
  315   0.1483
  316   0.1520
  317   0.1389
  318   0.1536
  319   0.1420
  320   0.1481
  321   0.1489
  322   0.1572
  323   0.1512
  324   0.2073
  325   0.1740
  326   0.2764
  327   0.1875
  328   0.1624
  329   0.1378
  330   0.1810
  331   0.1250
  332   0.1541
  333   0.1271
  334   0.1388
  335   0.1348
  336   0.1313
  337   0.1853
  338   0.1821
  339   0.1391
  340   0.1284
  341   0.2250
  342   0.1740
  343   0.1408
  344   0.1904
  345   0.2381
  346   0.2315
  347   0.1736
  348   0.1829
  349   0.2063
  350   0.1395
  351   0.1467
  352   0.1791
  353   0.1526
  354   0.1248
  355   0.1128
  356   0.1226
  357   0.1231
  358   0.1455
  359   0.1874
  360   0.1219
  361   0.1176
  362   0.1268
  363   0.1757
  364   0.1751
  365   0.1655
  366   0.1390
  367   0.1324
  368   0.1599
  369   0.1418
  370   0.1356
  371   0.1229
  372   0.1624
  373   0.1226
  374   0.1222
  375   0.1269
  376   0.1175
  377   0.1171
  378   0.1729
  379   0.1252
  380   0.1515
  381   0.1251
  382   0.1247
  383   0.1370
  384   0.1618
  385   0.1620
  386   0.1324
  387   0.1363
  388   0.1226
  389   0.1175
  390   0.1134
  391   0.1158
  392   0.0985
  393   0.1225
  394   0.1252
  395   0.1368
  396   0.1500
  397   0.2702
  398   0.1650
  399   0.2267
  400   0.1517
  401   0.1299
  402   0.1986
  403   0.1554
  404   0.1223
  405   0.1353
  406   0.1841
  407   0.1498
  408   0.1188
  409   0.1244
  410   0.1825
  411   0.1370
  412   0.1256
  413   0.1710
  414   0.1739
  415   0.1408
  416   0.1473
  417   0.1478
  418   0.1923
  419   0.1591
  420   0.1497
  421   0.2102
  422   0.2213
  423   0.3268
  424   0.2743
  425   0.2222
  426   0.1417
  427   0.2345
  428   0.2450
  429   0.1473
  430   0.1242
  431   0.1803
  432   0.1355
  433   0.1236
  434   0.1107
  435   0.1388
  436   0.1104
  437   0.1254
  438   0.1022
  439   0.1058
  440   0.1108
  441   0.1170
  442   0.1351
  443   0.1511
  444   0.1458
  445   0.1489
  446   0.1633
  447   0.1456
  448   0.1269
  449   0.1349
  450   0.2514
  451   0.1202
  452   0.1167
  453   0.1555
  454   0.1298
  455   0.1184
  456   0.1241
  457   0.1278
  458   0.1258
  459   0.1238
  460   0.1322
  461   0.1713
  462   0.1373
  463   0.1544
  464   0.2032
  465   0.2280
  466   0.1667
  467   0.1514
  468   0.1471
  469   0.1495
  470   0.1524
  471   0.1807
  472   0.1356
  473   0.1662
  474   0.1701
  475   0.1599
  476   0.1679
  477   0.2258
  478   0.2955
  479   0.2054
  480   0.1580
  481   0.2249
  482   0.1473
  483   0.1345
  484   0.1363
  485   0.1106
  486   0.1026
  487   0.0906
  488   0.0856
  489   0.1230
  490   0.1094
  491   0.1498
  492   0.1793
  493   0.1229
  494   0.1120
  495   0.1233
  496   0.1320
  497   0.1307
  498   0.1306
  499   0.1171
  500   0.1338
  501   0.1427
  502   0.1823
  503   0.1476
  504   0.2815
  505   0.2203
  506   0.1802
  507   0.1647
  508   0.1522
  509   0.1538
  510   0.1391
  511   0.1177
  512   0.1183
  513   0.1103
  514   0.1108
  515   0.1531
  516   0.1026
  517   0.1067
  518   0.1145
  519   0.0942
  520   0.1253
  521   0.1152
  522   0.1109
  523   0.1455
  524   0.1409
  525   0.1347
  526   0.1627
  527   0.1668
  528   0.1461
  529   0.2123
  530   0.1674
  531   0.1759
  532   0.1452
  533   0.1290
  534   0.1416
  535   0.1206
  536   0.1167
  537   0.1142
  538   0.1327
  539   0.1638
  540   0.1639
  541   0.1393
  542   0.2336
  543   0.1541
  544   0.1774
  545   0.2318
  546   0.2463
  547   0.3012
  548   0.2830
  549   0.2265
  550   0.2592
  551   0.2973
  552   0.2524
  553   0.2187
  554   0.2934
  555   0.2685
  556   0.2178
  557   0.2405
  558   0.2545
  559   0.2407
  560   0.1960
  561   0.2532
  562   0.2401
  563   0.1809
  564   0.1789
  565   0.2296
  566   0.1888
  567   0.1694
  568   0.1989
  569   0.2224
  570   0.1775
  571   0.1513
  572   0.1975
  573   0.2342
  574   0.1865
  575   0.1455
  576   0.1783
  577   0.1723
  578   0.1422
  579   0.1583
  580   0.1589
  581   0.1352
  582   0.2055
  583   0.1332
  584   0.1366
  585   0.1736
  586   0.1659
  587   0.1343
  588   0.1309
  589   0.1397
  590   0.1371
  591   0.1168
  592   0.1148
  593   0.1095
  594   0.1338
  595   0.1695
  596   0.3401
  597   0.1540
  598   0.1197
  599   0.1037
  600   0.1060
  601   0.0837
  602   0.1191
  603   0.1234
  604   0.0981
  605   0.1013
  606   0.1465
  607   0.1534
  608   0.1247
  609   0.1584
  610   0.1457
  611   0.1730
  612   0.2278
  613   0.1977
  614   0.1895
  615   0.2414
  616   0.2939
  617   0.2570
  618   0.2093
  619   0.3046
  620   0.2833
  621   0.1610
  622   0.1360
  623   0.1756
  624   0.1298
  625   0.1267
  626   0.1296
  627   0.1333
  628   0.1462
  629   0.1450
  630   0.1704
  631   0.1953
  632   0.1551
  633   0.1692
  634   0.1551
  635   0.1606
  636   0.2036
  637   0.1767
  638   0.1901
  639   0.2039
  640   0.2152
  641   0.2238
  642   0.2035
  643   0.2684
  644   0.2390
  645   0.2371
  646   0.3085
  647   0.2791
  648   0.2444
  649   0.3211
  650   0.2485
  651   0.2129
  652   0.2243
  653   0.2061
  654   0.1866
  655   0.1559
  656   0.1600
  657   0.1568
  658   0.1592
  659   0.1288
  660   0.1260
  661   0.1240
  662   0.1217
  663   0.1141
  664   0.1330
  665   0.1516
  666   0.1128
  667   0.1161
  668   0.1133
  669   0.1519
  670   0.1482
  671   0.2076
  672   0.1552
  673   0.1172
  674   0.1238
  675   0.1439
  676   0.1179
  677   0.1159
  678   0.1425
  679   0.1211
  680   0.1207
  681   0.1325
  682   0.1762
  683   0.1511
  684   0.1276
  685   0.1672
  686   0.1661
  687   0.1618
  688   0.1658
  689   0.1590
  690   0.1755
